100
100 100
1 1000000000
687914809 901725960
547069812 831937525
402212217 469611707
457531804 619574165
857364191 947397880
216768062 290613447
260019511 840199171
163295297 304627979
437017531 491913712
219825959 774988433
47989119 168254703
265451755 515932424
52141681 100376261
332790850 631778672
442131189 748130456
36815823 71100633
227749987 405393293
258126180 689619402
275086889 507082716
138690189 849867931
420896514 640285076
181288471 267426352
137260238 169460222
14780770 394467179
49063353 64452049
1933908 7441472
44294093 90892779
394677489 661560282
146552744 998316143
387251437 507597468
221482262 305241736
139036334 853953441
192657024 901422461
14004361 22338307
25252537 179906487
52692570 215049509
346729064 565798780
481611387 852086697
571586207 849316849
478775099 587676805
18109099 672443928
15496251 337439236
33717508 61734346
28127968 38975925
595361238 751973341
56968591 79328528
392365849 976188712
348574279 548939525
144058077 555580466
162735245 727410286
510661947 995846137
842857418 890030481
6890320 316951278
126880961 224430474
9122913 101438272
146575637 700213461
183635333 358568377
64452354 610854135
338565969 910290575
509001295 866041670
373739335 477123105
172879134 350104759
508647740 952190848
23551920 850590531
364066177 403999537
123882527 756397599
297376567 346568715
234685348 897406400
366671257 450764057
5694348 837027220
712991674 828143068
850099901 980423921
178107336 425499887
9693364 116240199
75700465 293024516
643410589 851079480
25010245 40425096
185934567 328742570
448502803 495547029
535729657 740837655
63915555 144407742
126931409 134623241
31909511 829456006
470157389 519995831
288340562 994011058
2430351 7610718
576714426 795079060
22576605 41384194
539315988 823925753
313732532 332243391
16193362 150799356
238807164 511877192
847737389 904139789
80863528 456865965
258260114 870966894
1 3
10 10
1965 15710
