30
4
-77262 23474 33254 19106
5
66636 -41458 -30747 77642 -50669
1
-4135
2
12500 67527
7
-77283 40734 37320 -83908 -22817 69838 -46408
5
-91178 60125 -2818 46960 -5747
4
67110 -45311 -78533 35815
1
58807
3
79424 -28918 -31541
4
69403 -15819 -67532 95038
2
-26353 62017
8
3134 -27570 1914 36027 -68390 -64253 78167 -16031
6
-56156 74626 -82559 29834 17595 12776
6
-70922 -97282 85342 -83844 48842 98700
1
38724
1
-35718
7
-52258 -29860 57446 -33689 -41725 72808 74843
4
-6306 -51292 64141 -2586
3
-63012 78656 75163
8
-72701 -37879 -80978 50139 -68712 15945 -9081 -66730
7
78618 36649 -47871 16959 71985 -93076 87127
8
60069 -56203 -44176 5914 -72695 11247 -2326 -50837
7
-92707 74916 -16454 -2022 55202 9948 -42395
8
49943 68481 -74379 -9281 25158 -25500 -12693 54131
8
-36265 -95288 66128 -6219 83536 12697 69318 -6437
6
90604 -98662 -41978 -45521 63301 -37281
8
30484 -84178 43000 -91499 30031 59385 77950 -93438
9
-58922 38342 55141 -67430 65504 76521 16826 52160 262
8
49740 -32813 -70153 -2002 -82589 -46208 19857 -68513
1
61820
