45
42 1 83 30 37 19 57 16 12 43
56 17 55 35 96 9 98 41 50 14
72 19 34 2 34 97 98 75 0 94
87 77 18 10 41 89 58 74 23 52
71 83 81 23 88 21 80 56 18 59
52 96 4 16 99 84 15 23 54 15
32 4 71 7 100 92 79 78 37 68
76 48 6 63 32 61 42 96 20 77
70 56 8 16 97 23 16 29 54 52
0 0 50 18 61 80 9 51 41 79
96 42 24 88 2 33 39 17 68 52
25 41 69 32 6 46 19 62 20 13
90 33 29 54 70 67 80 26 43 36
52 57 63 6 37 71 3 75 69 40
45 26 74 48 26 2 34 93 68 63
94 3 60 18 40 18 35 91 73 85
7 30 79 4 19 8 82 23 42 1
11 51 79 34 32 4 10 15 20 57
36 98 28 86 9 53 55 66 41 52
78 15 53 59 78 16 41 2 66 87
35 82 66 1 47 4 31 80 12 57
5 11 96 9 17 94 31 21 9 50
5 22 22 75 16 59 24 100 100 93
90 55 94 64 16 73 85 1 19 79
77 56 12 26 23 99 22 37 69 66
56 65 87 92 10 3 92 91 37 40
69 42 11 25 30 57 17 73 97 38
57 64 80 63 52 72 2 94 90 70
20 63 2 40 21 56 25 9 80 25
56 1 56 79 79 33 12 61 30 28
21 39 68 40 65 73 81 57 100 50
54 66 98 70 92 16 42 71 74 83
26 31 41 39 9 39 64 74 23 62
75 15 1 16 68 92 39 31 63 31
3 24 60 46 35 39 13 77 37 69
57 90 80 13 45 1 76 23 98 22
51 49 83 60 88 32 9 18 4 71
69 76 78 12 6 66 0 34 59 65
62 95 98 31 31 2 12 44 64 23
10 69 67 50 14 19 27 86 93 4
90 80 50 35 60 80 80 70 100 90
90 59 60 62 70 100 68 70 99 84
100 100 100 100 100 100 100 100 100 100
0 0 0 0 0 0 0 0 0 0
0 10 20 30 40 50 60 70 80 90
