100
660050716
778107219
571636808
312900838
985074399
245373905
978420988
399282167
792161331
280044621
571817535
687580369
582364697
127111887
651117670
875409010
954279451
576016569
849710129
654609687
225771009
953232395
382128639
752379972
887312825
458901789
243916179
787701163
718460931
308138017
346252755
113583569
82621863
361754237
48300722
757538806
276443154
968862664
696987138
930836380
53484435
664744965
539900379
94793209
961773062
973592209
100255490
818871296
263471488
79850450
261995830
106671063
933112382
232781293
74532386
933560561
172086463
35207121
873852276
314265950
504467956
893618457
588032546
592127249
892053471
359318463
585745000
609009888
307680718
264827904
376245903
226597768
239462149
161651454
747756843
714575596
123253464
390638988
411155445
559507704
381639263
760894859
386994207
119952316
644157288
338159157
285845536
188776499
688320592
923488548
484233914
955149618
562984558
367076136
398833111
418390356
917881028
227689078
698833790
1000000000