28
13 4
8 10
100 5
978354859 54522656
725661722 483861744
941723246 406854489
919242995 159147799
994780182 412979542
183148481 346099105
630795874 34194213
387184005 11103141
69368439 170293976
230626573 274363045
778140355 416000800
857437909 898497907
895208936 947676138
575866278 671176448
881504472 543704399
142286118 520439951
530104121 179650578
92711392 184517695
697401259 812381026
656564025 426662159
28455356 4285531
654870821 529619340
456685723 171553491
123301795 180020997
128547271 599406051
